[4, 4, 1, [49, 52, 78, 60, 95, 64, 37, 88, 42, 7, 53, 77, 59, 25, 48, 22, 86, 55, 87, 84, 50, 36, 93, 85, 14, 66, 76, 93, 5, 77, 74, 70, 6, 86, 7, 40, 25, 25, 40, 56, 57, 51, 20, 94, 43, 71, 68, 63, 88, 32, 63, 7, 25, 78, 49, 33, 91, 80, 59, 9], [-33, -30, -4, -22, 13, -30, -57, -6, -52, -87, -41, -17, -35, -69, -46, -72, -8, -39, -7, -10, -44, -58, -1, -9, -80, -28, -18, -1, -89, -17, -20, -24, -88, -8, -87, -54, -165, -165, -150, -134, -143, -149, -98, -12, -63, -35, -28, -33, -8, -64, -33, -89, -71, 78, 49, 33, 91, 80, 59, 9], [[-82, 0, 42], [-12, 5, 43], [-96, 36, 53], [-10, 40, 46]]]
[4, 4, 1, [29, 97, 76, 44, 1, 31, 69, 2, 44, 31, 69, 41, 95, 54, 8, 39, 92, 77, 17, 26, 53, 11, 92, 50, 58, 53, 78, 59, 15, 45, 90, 10, 48, 0, 98, 82, 75, 64, 37, 60, 87, 44, 6, 18, 77, 65, 89, 72, 79, 8, 39, 22, 7, 43, 92, 62, 38, 27, 79, 60], [29, 97, 76, 44, -55, -110, -72, -139, -97, -110, -72, -100, -46, -87, -133, -102, -49, -64, -196, -187, -160, -202, -68, -110, -102, -107, -82, -101, -145, -115, -70, -150, -112, -160, -62, -22, -29, -40, -67, -44, -17, -60, -98, -86, 58, 46, 70, 53, 60, -64, -33, -50, -65, 43, 92, 62, 38, 27, 79, 60], [[-56, 4, 35], [-85, 5, 44], [-72, 18, 53], [53, 22, 49]]]
[4, 4, 1, [27, 36, 60, 80, 23, 66, 9, 43, 98, 47, 58, 39, 27, 64, 2, 82, 76, 26, 95, 80, 76, 46, 76, 60, 43, 49, 81, 69, 94, 1, 95, 12, 67, 99, 67, 99, 4, 47, 92, 78, 78, 27, 93, 35, 46, 22, 42, 72, 52, 73, 32, 96, 79, 3, 50, 70, 38, 29, 27, 45], [27, 36, 60, 80, 23, 66, 9, 43, 35, -16, 6, -13, -25, 12, -50, 30, 24, -26, 43, 28, 24, -6, 24, 91, 74, 2, 34, 85, 110, 17, 111, 28, 83, 115, 83, 115, 20, 63, 108, 94, 83, 32, 176, 118, 46, 22, 42, 72, 52, 73, 32, 96, 79, 3, 50, 70, 38, 29, 27, 45], [[-63, 8, 27], [11, 10, 40], [83, 23, 44], [-78, 25, 42]]]
[4, 4, 1, [28, 43, 39, 34, 71, 14, 71, 52, 19, 69, 39, 32, 71, 37, 61, 94, 36, 45, 85, 43, 35, 79, 65, 42, 66, 63, 57, 44, 79, 7, 40, 31, 24, 97, 75, 12, 27, 36, 41, 67, 21, 74, 80, 56, 81, 68, 92, 10, 8, 14, 36, 72, 36, 52, 40, 63, 43, 34, 42, 64], [28, 43, 39, 34, 71, 14, 71, 86, 53, 103, 73, 66, 105, 71, 95, 128, 70, 79, 119, 77, 69, 113, 99, 111, 135, 132, 126, 208, 310, 238, 271, 262, 255, 328, 306, 243, 258, 233, 238, 229, 183, 236, 242, 218, 176, 68, 92, 10, 8, 14, 36, 72, 36, 52, 40, 63, 43, 34, 42, 64], [[34, 7, 37], [35, 23, 39], [95, 27, 45], [67, 28, 44]]]
[4, 4, 1, [93, 9, 21, 58, 3, 74, 83, 84, 68, 18, 27, 22, 44, 83, 38, 96, 38, 46, 88, 45, 5, 77, 99, 71, 24, 34, 64, 41, 76, 16, 40, 7, 16, 55, 24, 77, 65, 59, 9, 77, 74, 75, 83, 38, 5, 7, 7, 51, 95, 60, 81, 75, 63, 56, 8, 63, 23, 15, 10, 85], [93, 16, 28, 65, 10, 81, 90, 105, 89, 39, 48, 43, 65, 104, 59, 117, 59, -3, 39, -4, -44, 28, 50, 22, -25, -15, 15, -8, 27, -114, -90, -123, -114, -75, -106, -53, -72, -78, -128, -60, -63, -62, -54, -99, -132, -144, -63, -19, 25, 60, 81, 75, 63, 56, 8, 63, 23, 15, 10, 85], [[7, 1, 36], [14, 7, 45], [-70, 17, 49], [-81, 29, 46]]]
[4, 4, 1, [39, 46, 46, 99, 37, 87, 41, 25, 53, 85, 24, 22, 89, 48, 93, 90, 83, 40, 76, 75, 39, 46, 25, 70, 29, 20, 80, 78, 46, 61, 82, 71, 8, 60, 14, 58, 59, 2, 63, 20, 84, 5, 62, 79, 42, 38, 3, 11, 11, 94, 90, 3, 32, 43, 92, 68, 96, 63, 25, 74], [39, 46, 4, 57, -5, 45, -1, -17, 11, 43, -18, -20, 47, -78, -33, -36, -43, -86, -50, -51, -87, -80, -101, -56, -97, -106, -46, -48, -80, -65, -19, -30, -93, -41, -87, -43, -42, -99, -38, -118, -54, -133, -76, -59, -96, -100, -93, -1, 36, 119, 115, 28, 57, 68, 117, 93, 96, 63, 25, 74], [[-42, 2, 46], [-84, 13, 47], [25, 30, 56], [-37, 39, 48]]]
[4, 4, 1, [14, 49, 49, 89, 17, 98, 46, 33, 11, 39, 57, 18, 69, 59, 91, 15, 59, 77, 58, 50, 4, 6, 33, 22, 30, 50, 95, 24, 55, 40, 20, 69, 74, 74, 67, 74, 27, 53, 37, 62, 68, 29, 41, 64, 78, 19, 10, 52, 39, 48, 97, 70, 51, 64, 15, 42, 60, 28, 71, 41], [-73, -38, -38, 2, -70, 11, -41, -54, -76, -48, -30, -153, -102, -95, -17, -93, -49, -31, -50, -58, -104, -15, 12, 1, 9, 29, 158, 87, 118, 103, 83, 132, 91, 91, 84, 91, 44, 70, 54, 79, 85, 46, 58, 81, 95, 36, 27, 69, 56, 65, 114, 70, 51, 64, 15, 42, 60, 28, 71, 41], [[-87, 0, 21], [-84, 11, 26], [17, 13, 51], [46, 14, 32]]]
[4, 4, 1, [11, 55, 0, 8, 86, 71, 84, 29, 43, 51, 72, 49, 12, 98, 36, 42, 53, 45, 81, 64, 29, 52, 27, 38, 9, 99, 76, 72, 65, 50, 81, 72, 92, 12, 40, 84, 23, 20, 44, 85, 40, 35, 42, 22, 39, 70, 44, 33, 43, 89, 13, 66, 37, 80, 34, 83, 21, 42, 90, 77], [23, 67, 12, 20, 98, 83, 96, 41, 55, 63, 84, 61, 24, 110, 48, 54, 80, 72, 53, 36, 1, 24, -1, 10, -19, 71, 48, 2, -5, -20, 11, 2, 22, -58, -30, 14, -47, -50, -26, 15, -30, -35, -28, -60, -43, -12, -38, -64, -54, -8, -84, -31, -60, -17, -21, 28, -34, 42, 90, 77], [[12, 0, 43], [15, 16, 47], [-55, 18, 57], [-42, 27, 54]]]
[4, 4, 1, [82, 82, 62, 29, 96, 44, 1, 80, 26, 46, 93, 82, 66, 67, 5, 57, 4, 15, 50, 34, 24, 82, 43, 53, 48, 58, 62, 95, 93, 48, 75, 59, 26, 42, 20, 70, 58, 70, 53, 41, 25, 67, 2, 52, 12, 80, 41, 90, 79, 66, 42, 91, 33, 29, 98, 15, 87, 38, 62, 72], [82, 82, 62, 29, 164, 86, 43, 122, 34, 54, 101, 61, 45, 46, -16, 36, -17, -6, 29, 13, 3, 61, 22, 32, 27, 37, 41, 74, 72, 27, -14, -30, -37, -21, -43, 7, -5, 7, -10, -22, -38, 4, -61, -11, -51, 17, -22, 27, 16, 3, -21, 28, -30, -34, 35, -19, 87, 38, 62, 72], [[68, 4, 30], [-26, 5, 32], [-34, 8, 56], [-29, 11, 55]]]
[4, 4, 1, [23, 62, 76, 80, 41, 24, 84, 92, 98, 14, 2, 8, 93, 23, 49, 68, 33, 50, 63, 30, 58, 77, 33, 41, 34, 18, 3, 84, 10, 43, 65, 89, 86, 75, 98, 3, 86, 68, 92, 82, 55, 15, 27, 34, 48, 33, 16, 46, 55, 7, 98, 78, 95, 41, 59, 73, 55, 81, 40, 62], [102, 141, 60, 64, 31, -78, -18, -10, -4, -88, -100, -94, -9, -158, -132, -113, -148, -131, -118, -151, -123, -104, -148, -140, -147, -163, -178, -97, -171, -138, -116, -92, -95, -106, -83, -178, -95, -113, 6, -4, 61, 21, 33, 40, 54, 39, 22, 46, 55, 7, 98, 78, 95, 41, 59, 73, 55, 81, 40, 62], [[79, 0, 13], [-95, 2, 38], [6, 4, 47], [-92, 5, 40]]]
[5, 4, 2, [6, 1, 76, 76, 45, 99, 93, 67, 40, 39, 45, 63, 49, 24, 75, 86, 76, 4, 0, 1, 42, 55, 50, 69, 33, 6, 93, 99, 12, 37, 42, 48, 67, 31, 16, 2, 80, 96, 87, 16, 0, 72, 46, 14, 83, 34, 74, 79, 95, 9, 35, 12, 82, 92, 9, 64, 7, 76, 43, 44], [6, 1, 76, 76, 45, 99, 93, 67, 40, 39, 45, 63, 49, 24, 75, 86, 169, 97, 93, 94, 135, 148, 143, 133, 191, 130, 217, 223, 136, 161, 166, 172, 98, 100, 85, 71, 149, 165, 156, 85, 69, 141, 115, 112, 87, 38, 78, 83, 99, 13, 39, 16, 120, 130, 47, 102, 7, 76, 43, 44], [[93, 16, 32], [-29, 23, 43], [94, 24, 44], [-34, 25, 52], [38, 33, 56]]]
[5, 4, 2, [75, 66, 57, 29, 81, 10, 35, 82, 22, 99, 68, 38, 24, 39, 41, 41, 38, 59, 3, 81, 63, 14, 66, 24, 46, 52, 96, 56, 70, 76, 67, 51, 67, 32, 28, 50, 26, 34, 84, 54, 32, 49, 71, 47, 28, 96, 12, 87, 42, 75, 0, 27, 48, 44, 25, 70, 37, 19, 64, 85], [75, 66, 57, 29, 151, 26, 51, 98, 38, 115, 84, 54, 17, 32, 34, 34, 31, 52, -4, 74, 56, -1, 51, 9, -39, -108, -64, -104, -90, -30, -39, -55, -39, -74, -78, -56, -80, -72, -22, -29, -51, -34, -12, -36, -55, 13, -71, 12, -33, 0, 0, 27, 48, 44, 25, 70, 37, 19, 64, 85], [[70, 4, 24], [-54, 5, 29], [-23, 12, 39], [-8, 21, 47], [-75, 25, 50]]]
[5, 4, 2, [16, 23, 7, 99, 21, 81, 53, 47, 41, 94, 22, 86, 95, 2, 74, 63, 53, 87, 87, 54, 28, 76, 43, 51, 14, 87, 42, 50, 85, 44, 0, 41, 79, 92, 40, 84, 21, 22, 52, 51, 5, 12, 2, 90, 67, 50, 80, 32, 18, 80, 28, 1, 23, 30, 18, 5, 95, 58, 16, 52], [16, 23, 7, 99, 76, 136, 108, 102, 96, 149, 77, 141, 150, -9, 63, 52, 42, 76, 76, 142, 116, 197, 109, 117, 80, 153, 63, 137, 172, 131, 87, 128, 166, 179, 127, 171, 9, 10, 40, 39, -7, 0, -10, 78, 55, 38, 68, 20, -27, 35, -17, -44, -22, -15, -27, -40, 95, 58, 16, 52], [[55, 4, 22], [-66, 13, 27], [99, 19, 36], [33, 21, 48], [-45, 26, 56]]]
[5, 4, 2, [50, 85, 82, 81, 1, 63, 92, 59, 25, 49, 50, 91, 62, 12, 85, 71, 6, 32, 19, 59, 26, 59, 10, 80, 0, 23, 91, 33, 87, 45, 36, 97, 27, 48, 46, 63, 96, 84, 31, 94, 94, 31, 29, 3, 54, 41, 51, 26, 98, 22, 46, 50, 78, 83, 75, 59, 44, 67, 80, 54], [62, 97, 94, 93, 13, 75, 104, 71, 37, 61, 62, 103, 74, 24, 97, 28, -37, 29, 16, 144, 111, 144, 95, 165, 73, 126, 249, 191, 245, 203, 194, 255, 185, 206, 204, 221, 254, 242, 149, 212, 212, 149, 147, 121, 172, 71, 81, 56, 128, 52, 76, 80, 108, 113, 75, 59, 44, 67, 80, 54], [[12, 0, 24], [-55, 15, 26], [40, 17, 38], [88, 19, 45], [30, 25, 54]]]
[5, 4, 2, [13, 88, 91, 26, 51, 45, 42, 6, 76, 15, 37, 45, 30, 84, 15, 26, 0, 2, 59, 9, 44, 85, 17, 91, 74, 97, 54, 20, 42, 22, 53, 24, 31, 51, 89, 8, 8, 9, 29, 15, 45, 1, 26, 93, 79, 55, 41, 85, 34, 59, 68, 56, 31, 45, 62, 68, 69, 19, 58, 28], [13, 88, 91, 26, -21, 59, 56, 20, 67, 6, 28, 36, 21, 75, 6, 17, -9, -7, 50, 0, 35, 5, -63, 11, 66, 89, 46, 12, 34, -24, 7, -22, -15, 5, 43, -38, -124, -123, -103, -117, -64, -108, -83, -16, -30, -54, -68, 47, -4, 21, 30, 18, -7, 7, 24, 30, 31, -19, 20, 28], [[-72, 4, 24], [86, 5, 36], [-23, 8, 40], [-71, 21, 47], [-38, 29, 59]]]
[5, 4, 2, [36, 39, 8, 88, 0, 3, 51, 3, 78, 75, 24, 95, 67, 15, 61, 46, 30, 71, 25, 16, 31, 76, 29, 81, 23, 62, 61, 75, 9, 57, 41, 71, 17, 53, 93, 0, 99, 92, 61, 89, 9, 80, 58, 72, 79, 93, 56, 2, 86, 29, 71, 28, 78, 99, 27, 25, 17, 14, 75, 94], [36, -11, 17, 97, 9, 12, 60, 12, 87, 165, 114, 185, 170, 118, 164, 149, 133, 174, 128, 169, 184, 229, 185, 237, 179, 218, 217, 231, 165, 213, 197, 227, 173, 209, 249, 156, 255, 248, 158, 186, 106, 177, 155, 169, 176, 109, 72, 18, 102, 32, 74, 31, 81, 102, 30, 28, 20, 17, 78, 94], [[-50, 1, 19], [59, 2, 38], [81, 9, 45], [13, 12, 49], [3, 22, 59]]]
[5, 4, 2, [42, 77, 17, 11, 4, 18, 67, 14, 91, 94, 33, 72, 46, 25, 88, 86, 72, 82, 83, 32, 32, 2, 2, 25, 93, 51, 39, 88, 64, 85, 50, 16, 51, 21, 3, 17, 30, 23, 58, 37, 68, 9, 48, 18, 42, 28, 14, 27, 57, 79, 57, 36, 60, 88, 78, 6, 95, 91, 55, 81], [130, 165, 105, 99, 92, 106, 155, 102, 196, 199, 138, 177, 151, 130, 193, 191, 177, 187, 188, 137, 137, 107, 107, 199, 267, 225, 213, 262, 238, 259, 224, 137, 172, 142, 36, 50, 63, 56, 91, 70, 138, 62, 101, 71, 95, 81, 67, 80, 110, 132, 110, 89, 113, 141, 62, 43, 132, 128, 92, 81], [[88, 0, 34], [17, 8, 41], [69, 23, 54], [-53, 31, 55], [37, 40, 59]]]
[5, 4, 2, [66, 80, 63, 80, 83, 28, 58, 22, 86, 65, 67, 3, 10, 34, 33, 89, 99, 23, 15, 25, 15, 96, 84, 28, 37, 94, 34, 83, 22, 50, 44, 14, 99, 38, 69, 14, 97, 33, 71, 15, 10, 63, 39, 0, 1, 37, 51, 87, 80, 17, 68, 69, 83, 72, 10, 3, 62, 50, 63, 42], [66, 80, 63, 80, 83, 28, 100, 64, 128, 107, 109, 45, 52, 76, 165, 221, 231, 155, 147, 157, 147, 228, 216, 160, 240, 297, 242, 291, 230, 216, 210, 180, 330, 269, 300, 245, 328, 264, 302, 246, 241, 294, 180, 70, 71, 107, 121, 157, 150, 87, 138, 139, 148, 72, 10, 3, 62, 50, 63, 42], [[42, 6, 29], [90, 14, 42], [71, 24, 43], [5, 26, 52], [65, 32, 53]]]
[5, 4, 2, [23, 40, 48, 83, 9, 17, 25, 35, 24, 0, 69, 41, 73, 91, 50, 10, 59, 65, 21, 32, 73, 74, 7, 14, 52, 72, 19, 21, 45, 46, 73, 1, 42, 57, 30, 56, 83, 47, 93, 5, 91, 95, 57, 27, 5, 63, 9, 97, 53, 43, 37, 31, 74, 87, 70, 13, 78, 70, 89, 30], [23, 40, 48, 83, 9, -12, -4, 6, -5, -29, 40, 12, 44, 62, 21, -19, 30, 36, -8, 3, 44, 45, -22, -15, 23, 43, -10, -80, -144, -143, -116, -188, -147, -132, -159, -133, -116, -123, -77, -165, -79, -75, -66, -96, -118, -60, -114, 46, 2, -8, -14, -20, 23, 124, 107, 50, 125, 117, 136, 30], [[-29, 5, 37], [-72, 27, 47], [-88, 28, 53], [-10, 36, 56], [47, 42, 59]]]
[5, 4, 2, [86, 77, 14, 48, 84, 54, 31, 63, 41, 15, 16, 51, 76, 40, 74, 85, 18, 24, 76, 61, 16, 53, 51, 47, 2, 20, 89, 66, 21, 47, 91, 78, 70, 92, 84, 90, 53, 46, 64, 94, 37, 22, 39, 59, 86, 27, 70, 19, 78, 93, 23, 49, 15, 71, 20, 65, 73, 4, 87, 21], [86, 77, 14, 48, 84, 54, 31, 3, 48, -13, -12, 33, 58, 22, 56, 127, 60, 66, 46, 31, -14, 23, 21, 17, -28, -77, 27, 4, -41, -15, 29, 16, 8, 30, 22, 28, -9, -16, 2, 22, -35, -50, -33, -13, 14, -45, -2, -53, 78, 93, 23, 49, 15, 71, 20, 65, 73, 4, 87, 21], [[-60, 7, 15], [67, 8, 25], [-35, 9, 26], [10, 11, 39], [-72, 18, 48]]]
[3, 3, 1, [14, 13, 86, 6, 20, 30, 38, 75, 75, 6, 85, 19, 66, 53, 5, 39, 39, 63, 80, 8, 16, 0, 18, 24, 73, 44, 23, 95, 89, 97, 46, 30, 93, 65, 68, 3, 93, 35, 35, 13, 82, 0, 59, 20, 62, 43, 14, 8, 45, 14, 77, 78, 10, 11, 95, 73, 76, 62, 1, 8], [14, 13, 86, 6, 20, 30, 38, 75, 75, 6, 85, -45, 2, -97, -145, -178, -178, -90, -73, -145, -137, -153, -135, -129, -80, -109, -130, -58, -64, -56, -107, -123, -60, -88, -85, -150, -60, -118, -118, -140, -71, -153, -94, -133, -91, -110, -53, -59, -22, -53, 10, 78, 10, 11, 95, 73, 76, 62, 1, 8], [[-64, 11, 17], [-86, 13, 46], [-67, 15, 51]]]
[3, 3, 1, [99, 15, 16, 26, 52, 24, 67, 14, 71, 26, 37, 8, 74, 51, 37, 39, 95, 66, 74, 90, 78, 14, 15, 90, 28, 55, 63, 86, 96, 36, 10, 92, 51, 19, 98, 83, 43, 51, 30, 81, 14, 56, 52, 30, 88, 24, 65, 88, 52, 21, 4, 75, 98, 19, 67, 17, 32, 87, 59, 56], [99, 15, 16, 26, 52, 24, 67, 14, 71, 26, 37, 8, 74, 51, 120, 122, 178, 149, 157, 173, 161, 107, 108, 183, 121, 148, 156, 179, 189, 162, 136, 218, 177, 145, 141, 126, 86, 94, 73, 124, 47, 89, 85, 63, 121, 57, 98, 121, 85, 54, 37, 108, 131, 19, 67, 17, 32, 87, 59, 56], [[83, 14, 34], [10, 21, 40], [33, 29, 53]]]
[3, 3, 1, [65, 93, 21, 52, 83, 50, 35, 37, 53, 31, 70, 72, 55, 38, 24, 26, 3, 34, 55, 99, 83, 34, 24, 3, 64, 44, 9, 1, 6, 9, 48, 95, 68, 88, 91, 20, 74, 71, 85, 47, 22, 83, 15, 8, 3, 10, 82, 79, 31, 58, 31, 68, 1, 49, 6, 75, 4, 30, 0, 40], [65, 93, 21, 52, 83, 50, 35, 37, 53, 31, 70, 38, 21, 4, -10, -8, -31, 0, 21, 119, 103, 54, 44, 23, 84, 64, 29, 21, 26, 29, 68, 115, 88, 108, 111, 40, 94, 149, 163, 125, 134, 195, 127, 120, 115, 122, 194, 191, 143, 170, 89, 126, 59, 107, 64, 133, 4, 30, 0, 40], [[-34, 11, 40], [54, 19, 50], [58, 37, 56]]]
[3, 3, 1, [29, 99, 50, 5, 34, 76, 76, 11, 52, 10, 67, 22, 63, 1, 17, 34, 65, 93, 84, 18, 65, 86, 99, 87, 54, 14, 74, 45, 96, 9, 19, 3, 72, 28, 87, 95, 89, 97, 55, 82, 68, 56, 95, 56, 39, 39, 76, 1, 63, 47, 77, 6, 42, 97, 3, 32, 69, 66, 65, 7], [29, 99, 50, 5, 34, 76, -17, -82, -41, -28, 29, -16, 25, -37, -21, -4, 32, 60, 51, -15, 32, 146, 159, 147, 114, 74, 134, 105, 156, 69, 79, 63, 132, 88, 147, 155, 149, 157, 115, 87, 73, 61, 100, 61, 44, 44, 81, 6, 68, 47, 77, 6, 42, 97, 3, 32, 69, 66, 65, 7], [[-93, 6, 21], [55, 9, 39], [5, 16, 49]]]
[3, 3, 1, [75, 44, 14, 34, 30, 75, 13, 61, 12, 96, 83, 94, 94, 39, 97, 60, 9, 50, 40, 72, 91, 10, 80, 96, 71, 62, 97, 90, 98, 36, 48, 36, 42, 61, 4, 51, 42, 69, 12, 48, 49, 86, 79, 16, 26, 99, 43, 44, 51, 24, 41, 67, 61, 41, 96, 11, 69, 9, 13, 97], [75, 44, 14, 34, 30, 75, 13, 61, 12, 131, 118, 129, 129, 74, 132, 95, 44, 85, 75, 107, 126, 45, 115, 131, 106, 97, 178, 171, 179, 117, 129, 117, 220, 239, 182, 229, 220, 247, 155, 191, 192, 229, 222, 159, 169, 242, 186, 187, 148, 121, 138, 164, 158, 138, 193, 11, 69, 9, 13, 97], [[35, 9, 38], [46, 26, 48], [97, 32, 55]]]
[3, 3, 1, [86, 96, 14, 37, 55, 1, 91, 3, 92, 13, 62, 96, 40, 62, 23, 85, 39, 38, 33, 96, 89, 61, 92, 79, 78, 69, 20, 71, 52, 35, 42, 8, 91, 43, 48, 8, 53, 90, 79, 56, 58, 76, 88, 80, 3, 86, 42, 2, 27, 46, 41, 58, 14, 34, 54, 48, 7, 69, 31, 79], [86, 96, 14, 37, 55, 1, 47, -41, 48, -31, 18, 34, -22, 0, -39, 23, -23, -24, -29, -61, -68, -96, -65, -78, -79, -88, -137, -86, -105, -78, -71, -105, -22, -70, -65, -105, -60, -23, -16, -39, -37, -19, -7, -15, -92, -9, -53, -93, -68, -49, -54, 58, 14, 34, 54, 48, 7, 69, 31, 79], [[-44, 6, 29], [-18, 11, 38], [-95, 19, 51]]]
[3, 3, 1, [23, 78, 76, 3, 47, 28, 58, 67, 29, 78, 5, 30, 43, 2, 19, 87, 61, 0, 34, 29, 74, 34, 63, 17, 1, 79, 97, 5, 57, 61, 69, 11, 73, 81, 90, 44, 41, 97, 43, 54, 21, 80, 50, 92, 75, 65, 0, 59, 16, 34, 11, 57, 39, 55, 32, 30, 64, 42, 70, 44], [71, 126, 124, 51, 95, 76, 106, 115, 49, 98, 25, 50, 63, 22, 39, 107, 81, 20, 54, 49, 7, -33, -4, -50, -66, 12, 30, -62, -10, -6, 2, -56, 6, 14, 23, -23, -26, -18, -72, -61, -94, -35, -65, -23, -40, -50, -87, -28, 16, 34, 11, 57, 39, 55, 32, 30, 64, 42, 70, 44], [[48, 0, 37], [-28, 8, 46], [-87, 20, 48]]]
[3, 3, 1, [43, 4, 53, 26, 16, 70, 2, 1, 35, 69, 67, 26, 77, 21, 73, 8, 71, 9, 72, 85, 56, 3, 26, 87, 49, 81, 43, 28, 90, 10, 78, 17, 2, 86, 28, 27, 56, 81, 12, 1, 16, 5, 71, 95, 19, 7, 23, 11, 30, 1, 68, 86, 25, 34, 71, 5, 16, 66, 93, 78], [43, 4, 53, 26, 16, 70, 2, 1, 35, 69, 67, 26, 77, 21, 73, 8, 71, 9, 72, 85, 56, 3, -18, 43, 5, 37, -1, -16, 46, -64, 4, -57, -72, 12, -46, -47, -111, -86, -155, -166, -151, -118, -52, -28, -104, -116, -100, -112, -93, -122, -55, -7, -68, -59, -22, -88, 16, 66, 93, 78], [[-44, 22, 41], [-30, 29, 51], [-93, 36, 56]]]
[3, 3, 1, [5, 61, 95, 17, 32, 36, 6, 45, 10, 72, 70, 39, 57, 10, 55, 49, 91, 5, 46, 15, 90, 10, 11, 96, 97, 87, 93, 68, 27, 63, 97, 22, 82, 34, 22, 86, 62, 75, 2, 12, 80, 16, 59, 20, 55, 52, 70, 87, 73, 85, 42, 74, 58, 43, 59, 5, 75, 93, 87, 24], [5, 61, 95, 17, 32, 36, 6, -54, -89, -27, -29, -60, -42, -89, 54, 48, 90, -44, 96, 65, 140, 60, 61, 146, 147, 137, 143, 118, 77, 113, 49, -26, 34, -14, -26, 38, 14, 27, -46, -36, 32, -32, 11, -28, 7, 52, 70, 87, 73, 85, 42, 74, 58, 43, 59, 5, 75, 93, 87, 24], [[-99, 7, 18], [98, 14, 30], [-48, 17, 45]]]
[3, 3, 1, [24, 5, 64, 55, 2, 21, 21, 59, 49, 80, 22, 73, 31, 36, 24, 63, 43, 13, 73, 79, 68, 86, 63, 53, 36, 86, 14, 23, 15, 76, 40, 83, 24, 40, 70, 1, 29, 52, 66, 40, 60, 96, 73, 63, 57, 80, 44, 47, 36, 1, 51, 49, 45, 55, 58, 80, 24, 33, 63, 68], [24, 72, 131, 122, 69, 88, 88, 126, 116, 147, 89, 140, 98, 103, 91, 130, 110, 98, 158, 168, 157, 175, 152, 142, 125, 175, 103, 112, 104, 165, 62, 87, 28, 44, 74, 5, 33, 56, 70, 40, 60, 96, 73, 63, 57, 80, 44, 47, 36, 1, 51, 49, 45, 55, 58, 80, 24, 33, 63, 68], [[67, 1, 30], [18, 17, 31], [4, 19, 39]]]
[4, 3, 2, [12, 39, 10, 28, 50, 28, 22, 7, 30, 15, 44, 49, 89, 44, 98, 13, 34, 47, 74, 93, 65, 22, 64, 3, 29, 90, 52, 0, 98, 72, 75, 80, 2, 47, 44, 73, 87, 46, 68, 37, 86, 27, 37, 48, 75, 30, 14, 48, 72, 89, 51, 89, 21, 57, 11, 85, 9, 99, 42, 11], [12, 39, 10, 28, 50, 28, 22, 7, 30, 15, 44, 49, 89, 44, 98, 56, 77, 90, 117, 136, 108, 65, 107, 25, -17, 44, 6, -89, 9, -17, -14, -9, -14, 31, 28, 57, 71, 30, 52, 21, 70, 11, 21, 32, 80, 35, 19, 53, 77, 94, 56, 94, 94, 130, 84, 158, 82, 172, 42, 11], [[43, 15, 27], [-68, 24, 52], [-21, 23, 44], [73, 32, 58]]]
[4, 3, 2, [63, 55, 17, 87, 37, 39, 25, 4, 23, 54, 95, 84, 59, 51, 78, 63, 40, 83, 61, 30, 60, 55, 31, 81, 18, 76, 82, 52, 51, 98, 28, 61, 78, 15, 94, 6, 82, 11, 12, 16, 97, 73, 96, 18, 80, 37, 84, 76, 4, 91, 82, 2, 34, 1, 26, 96, 88, 46, 73, 80], [63, 55, 17, 113, 94, 96, 82, 78, 97, 128, 143, 132, 107, 99, 126, 111, 88, 56, 34, 3, 33, 28, 4, 54, -40, 18, 24, -6, -7, 40, -30, 3, 3, -60, 19, 6, 82, 11, 12, 16, 97, 73, 96, 18, 80, 37, 84, 76, 4, 91, 82, 2, 34, 1, 26, 96, 88, 46, 73, 80], [[26, 3, 10], [17, 7, 32], [31, 4, 24], [-75, 17, 35]]]
[4, 3, 2, [79, 92, 75, 16, 24, 17, 93, 26, 27, 59, 47, 89, 6, 73, 38, 17, 19, 81, 3, 6, 22, 15, 14, 78, 24, 65, 99, 77, 8, 13, 77, 25, 18, 23, 45, 40, 90, 53, 71, 70, 13, 95, 73, 73, 98, 67, 28, 96, 6, 20, 83, 71, 93, 37, 29, 81, 17, 10, 54, 41], [79, 92, 75, 16, 12, 35, 111, 44, 45, 77, 65, 107, 24, 91, 56, 35, 37, 133, 55, 58, 74, 79, 78, 142, 88, 129, 163, 141, 72, 77, 141, 89, 82, 87, 109, 104, 154, 117, 135, 103, 46, 128, 106, 106, 131, 100, 61, 129, 39, 53, 116, 74, 96, 6, -2, 50, -14, 10, 54, 41], [[-12, 4, 21], [34, 17, 53], [30, 5, 51], [-31, 39, 57]]]
[4, 3, 2, [25, 63, 49, 95, 53, 82, 46, 13, 4, 55, 36, 4, 19, 15, 24, 44, 14, 15, 53, 97, 61, 82, 90, 76, 6, 46, 11, 58, 68, 64, 82, 32, 5, 14, 92, 25, 24, 30, 84, 61, 33, 82, 64, 93, 55, 99, 93, 65, 33, 76, 12, 45, 29, 67, 20, 72, 21, 67, 21, 59], [25, 63, 49, 179, 137, 166, 217, 207, 198, 249, 230, 198, 213, 209, 218, 238, 208, 209, 247, 291, 171, 133, 141, 40, -30, 10, -25, 22, 32, 28, 46, -4, -31, -22, 56, -11, -12, -6, 48, 25, -3, 46, 28, 57, 19, 63, 57, 29, -3, 40, -47, -14, -30, 8, -39, 13, -38, 8, -38, 59], [[84, 3, 20], [23, 7, 50], [87, 6, 23], [-59, 21, 59]]]
[4, 3, 2, [97, 26, 10, 72, 95, 42, 87, 75, 6, 11, 5, 46, 18, 91, 92, 74, 93, 79, 76, 76, 92, 50, 66, 18, 98, 81, 66, 52, 5, 89, 37, 21, 30, 30, 42, 87, 75, 18, 88, 88, 58, 64, 7, 48, 96, 15, 91, 90, 9, 74, 16, 1, 2, 48, 89, 81, 39, 60, 43, 95], [2, -69, -85, -23, 0, -53, -8, -20, -89, -84, -90, -49, -77, -4, -3, -114, -95, -109, -112, -112, -96, -138, -122, -170, -90, -107, -116, -35, -82, 2, -50, -66, -57, -57, -45, 0, -12, -10, 60, 60, 30, 36, -21, 20, 68, 80, 156, 155, 74, 133, 75, 60, 61, 107, 148, 140, 39, 60, 43, 95], [[-95, 0, 27], [6, 26, 49], [-93, 15, 45], [59, 37, 56]]]
[4, 3, 2, [23, 39, 77, 93, 95, 68, 47, 67, 15, 50, 62, 24, 81, 22, 36, 58, 49, 65, 55, 19, 91, 49, 61, 45, 9, 44, 69, 78, 63, 10, 71, 6, 79, 68, 20, 94, 98, 64, 39, 36, 27, 60, 68, 17, 91, 13, 82, 69, 46, 45, 27, 16, 24, 3, 7, 49, 89, 45, 42, 18], [23, 39, 77, 93, 95, 68, 47, 67, 15, 50, 62, 24, 81, 22, 36, 58, 53, 69, 59, 21, 93, 51, 63, 89, 53, 88, 113, 122, 107, 54, 115, 50, 123, 112, 64, 138, 142, 108, 83, 80, 71, 100, 108, 48, 122, 44, 113, 100, 77, 78, 60, 49, 57, -6, -2, 40, 89, 45, 42, 18], [[4, 16, 41], [42, 23, 53], [-2, 19, 49], [-9, 43, 56]]]
[4, 3, 2, [71, 99, 97, 14, 28, 89, 19, 16, 52, 84, 61, 78, 52, 37, 76, 98, 24, 78, 69, 87, 18, 29, 60, 57, 30, 68, 96, 24, 8, 54, 41, 42, 54, 17, 86, 3, 92, 3, 21, 59, 95, 26, 86, 23, 45, 43, 0, 83, 11, 1, 83, 17, 52, 59, 27, 50, 69, 34, 62, 56], [135, 163, 161, 78, 92, 189, 166, 163, 199, 231, 208, 225, 135, 120, 159, 181, 107, 161, 152, 170, 101, 112, 143, 140, 113, 151, 179, 107, 91, 137, 124, 125, 106, 33, 102, 19, 61, -28, -10, 28, 64, -5, 55, -8, 14, 12, -31, 52, -20, -30, 52, -14, 52, 59, 27, 50, 69, 34, 62, 56], [[64, 0, 12], [47, 6, 36], [36, 5, 33], [-31, 32, 52]]]
[4, 3, 2, [8, 70, 42, 37, 37, 40, 41, 97, 61, 46, 89, 98, 56, 38, 66, 69, 40, 34, 41, 8, 88, 63, 95, 73, 86, 10, 98, 36, 47, 92, 16, 15, 23, 41, 9, 34, 33, 91, 32, 37, 25, 51, 15, 85, 61, 69, 75, 89, 73, 49, 12, 56, 12, 58, 94, 11, 13, 68, 10, 58], [8, 70, 42, 37, 37, 57, 58, 42, 6, -32, 11, 20, -22, -40, -12, -9, -38, -61, -54, -87, -36, -61, -29, -51, 34, -42, 46, -16, -5, 40, -36, -37, -29, 12, 9, 34, 33, 91, 32, 37, 25, 51, 15, 85, 61, 69, 75, 89, 73, 49, 12, 56, 12, 58, 94, 11, 13, 68, 10, 58], [[17, 5, 17], [-23, 9, 33], [-72, 7, 24], [-29, 20, 34]]]
[4, 3, 2, [57, 58, 5, 17, 49, 70, 59, 47, 56, 41, 53, 55, 78, 79, 37, 88, 88, 68, 53, 74, 34, 64, 1, 37, 90, 73, 94, 52, 50, 91, 29, 12, 56, 32, 63, 38, 19, 50, 46, 7, 61, 12, 82, 3, 39, 10, 14, 80, 98, 52, 81, 25, 1, 73, 75, 28, 99, 37, 47, 99], [57, 58, 5, 17, 49, 70, 59, 56, 65, 50, 62, 64, 10, 11, 56, 107, 107, 87, 72, 93, 53, 83, 20, 56, 109, 92, 113, 71, 69, 110, 48, 31, 75, 51, 73, 48, 29, 60, 56, 17, 71, -54, 93, 14, 50, 21, 25, 91, 109, 63, 92, -51, -75, -3, -1, -48, 23, -39, 47, 99], [[9, 7, 34], [87, 14, 51], [-77, 12, 42], [-76, 41, 58]]]
[4, 3, 2, [59, 84, 43, 56, 71, 82, 22, 82, 97, 79, 61, 33, 27, 23, 34, 33, 21, 75, 54, 5, 16, 29, 12, 3, 73, 34, 59, 6, 58, 73, 77, 5, 37, 96, 23, 62, 30, 12, 57, 29, 90, 2, 95, 7, 35, 2, 10, 63, 82, 21, 40, 60, 26, 40, 3, 37, 1, 7, 89, 0], [59, 131, 90, 103, 118, 129, 69, 129, 144, 126, 108, 146, 140, 136, 147, 146, 134, 188, 167, 118, 129, 142, 125, 34, 104, 65, 43, -10, 42, 57, 61, -11, 21, 80, 7, 46, 14, -4, 41, 68, 63, -25, 68, -20, 90, 57, 65, 118, 137, 76, 95, 115, 81, 95, 3, 37, 1, 7, 89, 0], [[47, 1, 26], [-82, 23, 44], [66, 11, 40], [55, 39, 54]]]
[6, 3, 3, [64, 95, 50, 14, 82, 8, 90, 85, 32, 93, 80, 35, 92, 61, 55, 41, 84, 64, 79, 30, 40, 35, 37, 4, 20, 66, 48, 33, 81, 36, 58, 14, 70, 93, 73, 63, 2, 83, 48, 69, 98, 85, 82, 6, 31, 5, 33, 22, 48, 82, 5, 64, 85, 61, 47, 80, 79, 74, 19, 2], [64, 95, 50, 14, 82, 76, 158, 153, 56, 117, 104, 59, 133, 102, 96, 14, 57, 37, 52, 3, 13, 8, 10, -23, -7, 80, 62, 91, 139, 94, 116, 72, 128, 134, 114, 104, 43, 124, 154, 180, 209, 196, 193, 117, 142, 116, 144, 133, 118, 152, 75, 134, 155, 131, 52, 80, 79, 74, 19, 2], [[68, 5, 15], [17, 12, 33], [-44, 8, 27], [41, 25, 48], [65, 38, 54], [5, 39, 55]]]
[6, 3, 3, [90, 63, 56, 77, 38, 16, 20, 58, 39, 63, 82, 95, 97, 10, 57, 17, 3, 35, 18, 87, 17, 99, 96, 87, 87, 24, 98, 52, 55, 52, 46, 20, 21, 67, 20, 41, 53, 95, 34, 69, 13, 18, 4, 91, 24, 56, 64, 52, 85, 19, 36, 20, 90, 72, 47, 51, 48, 80, 55, 8], [130, 103, 96, 117, 78, 142, 146, 184, 165, 189, 189, 202, 164, 46, 93, 53, 39, 71, -32, 37, -33, 68, 65, 63, 63, 0, 74, 28, -54, -57, -63, -89, -88, -42, -89, -68, -56, -14, -75, -9, -72, -67, -81, 6, -61, -29, -21, 52, 85, 19, 36, 20, 90, 72, 47, 51, 48, 80, 55, 8], [[40, 0, 12], [-19, 10, 21], [86, 5, 18], [-31, 13, 39], [7, 23, 40], [-85, 28, 47]]]
[6, 3, 3, [76, 89, 93, 61, 12, 3, 50, 51, 39, 49, 47, 84, 27, 69, 72, 41, 92, 65, 27, 1, 23, 30, 59, 39, 12, 3, 5, 6, 26, 80, 89, 98, 13, 74, 4, 78, 48, 77, 61, 24, 91, 90, 86, 58, 4, 77, 85, 74, 83, 84, 80, 73, 33, 35, 14, 61, 19, 62, 50, 69], [76, 89, 93, 121, 72, 63, 110, 111, 182, 192, 190, 227, 170, 259, 262, 231, 282, 255, 217, 191, 213, 220, 189, 169, 142, 133, 135, 136, 156, 210, 219, 228, 143, 202, 132, 206, 93, 122, 59, 22, 89, 88, 157, 129, 75, 148, 156, 145, 154, 240, 236, 231, 191, 120, 14, 61, 19, 62, 50, 69], [[60, 3, 22], [47, 13, 38], [83, 8, 36], [-2, 33, 51], [73, 42, 53], [85, 49, 54]]]
[6, 3, 3, [36, 91, 74, 85, 32, 38, 49, 44, 33, 44, 82, 71, 88, 17, 17, 51, 39, 84, 6, 10, 99, 85, 89, 33, 8, 82, 22, 17, 34, 16, 10, 45, 19, 29, 42, 64, 65, 67, 28, 38, 78, 12, 12, 66, 2, 68, 35, 57, 52, 73, 77, 37, 74, 60, 53, 93, 90, 64, 17, 15], [-41, 14, -3, 8, -45, -39, -28, -33, -44, -126, -135, -146, -52, -123, -123, -89, -101, -56, -134, -130, -41, -55, -51, -159, -184, -110, -77, -82, -65, -83, -89, -7, -33, -23, 77, 64, 65, 119, 80, 90, 130, 64, 64, 118, 54, 33, 0, 22, 17, 73, 77, 37, 74, 60, 53, 93, 90, 64, 17, 15], [[-77, 0, 12], [-47, 10, 31], [-93, 9, 26], [-52, 23, 37], [87, 34, 45], [-35, 35, 49]]]
[6, 3, 3, [50, 31, 83, 4, 42, 42, 98, 37, 79, 9, 31, 92, 97, 66, 18, 91, 86, 95, 85, 93, 56, 66, 37, 32, 12, 73, 64, 7, 0, 97, 46, 25, 54, 59, 6, 27, 52, 64, 78, 46, 27, 97, 1, 64, 79, 12, 55, 94, 42, 13, 14, 3, 58, 13, 14, 20, 76, 92, 71, 74], [-29, -48, 4, -75, -37, -12, 40, 58, 100, 30, 144, 205, 210, 179, 131, 204, 199, 208, 198, 206, 169, 179, 125, 120, 100, 161, 152, 95, 88, 185, 134, 117, 146, 151, 98, 119, 171, 183, 194, 162, 143, 213, 25, 88, 103, 9, 52, 94, 42, 13, 14, 3, 58, 13, 14, 20, 76, 92, 71, 74], [[-79, 0, 7], [-4, 6, 31], [25, 5, 22], [92, 10, 42], [27, 36, 45], [-3, 38, 47]]]
[6, 3, 3, [59, 9, 38, 47, 37, 48, 83, 7, 46, 44, 97, 45, 16, 3, 57, 75, 63, 78, 11, 18, 95, 15, 88, 70, 31, 16, 52, 83, 26, 41, 60, 42, 44, 85, 93, 92, 83, 88, 94, 1, 51, 17, 85, 95, 1, 2, 40, 19, 75, 10, 80, 63, 30, 24, 42, 99, 54, 17, 50, 96], [59, 9, 38, 47, 122, 133, 168, 92, 131, 129, 182, 130, 93, 80, 134, 152, 58, 73, 6, 13, 90, -75, -2, -20, -59, -95, -59, -28, -85, -62, -43, -61, -59, 64, 72, 71, 62, 67, 80, -13, 90, 56, 124, 134, 40, 41, 79, 58, 114, 49, 140, 123, 90, 84, 102, 152, 107, 70, 50, 96], [[85, 4, 21], [-82, 16, 33], [-8, 12, 29], [-21, 25, 50], [7, 38, 55], [53, 40, 58]]]
[6, 3, 3, [30, 63, 74, 87, 95, 20, 76, 55, 62, 42, 51, 66, 78, 49, 24, 52, 90, 17, 93, 70, 83, 94, 56, 9, 53, 74, 28, 11, 61, 14, 12, 83, 17, 74, 12, 63, 85, 13, 28, 64, 90, 67, 17, 88, 9, 10, 57, 4, 57, 76, 30, 23, 13, 55, 29, 7, 92, 51, 81, 56], [30, 63, 105, 118, 149, 74, 158, 106, 113, 93, 102, 117, 129, 100, 75, 103, 51, -22, 54, 8, 21, 32, -34, -81, -37, 42, -4, -21, 29, -18, -20, 51, -15, 42, -20, -55, 57, -15, 0, -22, 4, -19, -69, 2, -77, -76, 57, 4, 57, 76, 30, 23, 13, 55, 29, 7, 92, 51, 81, 56], [[31, 2, 7], [28, 6, 22], [23, 4, 19], [-90, 16, 36], [58, 25, 39], [-86, 35, 46]]]
[6, 3, 3, [81, 21, 10, 63, 98, 71, 96, 53, 54, 11, 67, 8, 23, 74, 93, 74, 18, 24, 34, 45, 60, 51, 83, 8, 4, 77, 80, 88, 57, 99, 6, 2, 71, 50, 98, 48, 12, 17, 64, 75, 58, 39, 60, 88, 73, 76, 54, 54, 31, 46, 2, 79, 43, 81, 30, 42, 49, 39, 65, 86], [121, 61, 50, 142, 177, 52, 77, 34, 35, -8, 8, -3, 12, 63, 82, 63, -32, -26, -16, -5, 10, 1, 33, -42, 52, 125, 128, 136, 105, 145, 52, 48, 206, 185, 233, 135, 101, 106, 153, 75, 58, 39, 60, 88, 73, 76, 54, 54, 31, 46, 2, 79, 43, 81, 30, 42, 49, 39, 65, 86], [[40, 0, 10], [-98, 5, 24], [39, 3, 16], [48, 11, 35], [-2, 29, 36], [89, 32, 39]]]
[6, 3, 3, [77, 47, 53, 97, 36, 85, 83, 42, 82, 42, 29, 92, 43, 87, 71, 86, 41, 67, 25, 29, 79, 10, 54, 82, 94, 97, 9, 90, 87, 54, 28, 76, 8, 13, 2, 61, 86, 58, 6, 74, 58, 63, 17, 39, 29, 81, 75, 79, 22, 7, 9, 4, 32, 47, 76, 66, 63, 24, 45, 84], [77, 47, 53, 97, 36, 85, 114, 73, 113, 73, 60, 52, 3, 47, -24, -9, -54, -28, -101, -97, -47, -110, -66, 33, 45, 48, 15, 19, 16, -17, -43, 5, -63, -85, -102, -43, -18, -46, -98, -30, -46, -41, -87, -65, -75, -23, -29, -25, -82, -20, -18, 4, 32, 47, 76, 66, 63, 24, 45, 84], [[31, 6, 18], [-55, 14, 26], [-71, 11, 23], [6, 21, 34], [-77, 27, 49], [-27, 33, 51]]]
[6, 3, 3, [95, 77, 98, 44, 42, 97, 31, 31, 14, 1, 59, 22, 75, 48, 72, 14, 62, 12, 60, 9, 67, 53, 15, 61, 26, 13, 99, 8, 35, 18, 40, 0, 13, 72, 44, 6, 10, 81, 11, 87, 10, 83, 6, 67, 96, 26, 93, 50, 82, 75, 60, 36, 71, 24, 0, 17, 99, 73, 77, 62], [8, -10, 11, -43, -45, 10, -56, -56, -73, -120, -62, -195, -142, -169, -145, -203, -155, -205, -157, -208, -150, -164, -115, -153, -188, -201, -115, -206, -179, -196, -174, -214, -201, -108, -136, -174, -170, -99, -169, 3, -74, -1, -128, -67, -38, -108, -41, -38, -6, -13, 56, 32, 117, 70, 46, 63, 145, 119, 123, 62], [[-87, 0, 22], [-96, 11, 39], [-34, 9, 33], [-84, 23, 50], [-50, 42, 52], [46, 47, 59]]]
[8, 3, 4, [95, 80, 92, 43, 33, 91, 14, 6, 54, 80, 85, 4, 35, 40, 57, 96, 52, 98, 11, 88, 46, 36, 12, 37, 1, 87, 81, 98, 21, 44, 37, 80, 15, 72, 1, 6, 44, 33, 0, 69, 78, 49, 76, 33, 23, 61, 23, 22, 48, 86, 92, 60, 97, 54, 38, 3, 55, 5, 14, 9], [95, 80, 7, -42, -106, -48, -125, -133, -85, -59, -54, -135, -104, -55, -38, 1, 11, 57, -30, 47, 90, 80, 56, 81, 45, 131, 48, 65, -12, 66, 15, 58, -7, 50, -21, -16, 22, 11, -87, -18, 68, 39, 66, 23, -42, -4, -83, -129, -38, 0, 6, -26, 11, -32, -7, -42, 10, -40, -31, 9], [[-85, 2, 20], [-54, 4, 16], [44, 13, 30], [-77, 26, 40], [-65, 38, 48], [-45, 47, 59], [-41, 46, 54], [55, 29, 44]]]
[8, 3, 4, [30, 71, 70, 83, 33, 52, 31, 64, 87, 17, 64, 45, 59, 59, 38, 86, 7, 36, 25, 50, 10, 96, 52, 28, 44, 47, 48, 94, 75, 45, 44, 92, 36, 51, 14, 86, 1, 15, 57, 48, 68, 17, 86, 71, 36, 82, 72, 73, 12, 25, 58, 64, 16, 44, 38, 27, 79, 44, 48, 12], [30, 71, 70, 83, 33, 52, -27, 6, -64, -134, -21, -40, -26, -26, -47, 1, -78, 44, 33, 58, 76, 160, 116, 92, 108, 111, 112, 158, 128, 32, 31, 79, 23, 38, 1, 130, 45, 59, 101, 94, 114, 74, 143, 72, 86, 132, 122, 123, 62, 75, 108, 114, 9, 37, 31, 76, 128, 93, 48, 12], [[-58, 6, 20], [-93, 8, 17], [66, 10, 29], [-2, 21, 39], [57, 35, 52], [49, 44, 58], [-56, 43, 55], [-11, 28, 41]]]
[8, 3, 4, [23, 63, 1, 51, 43, 67, 85, 84, 82, 37, 11, 80, 63, 0, 81, 9, 18, 67, 33, 32, 58, 20, 37, 64, 2, 65, 14, 83, 39, 0, 54, 35, 90, 8, 77, 21, 8, 73, 67, 27, 72, 36, 98, 83, 3, 92, 10, 7, 12, 1, 10, 22, 99, 18, 61, 48, 46, 7, 87, 95], [23, 63, 1, 51, 43, 67, 85, 84, 82, -32, -58, 11, 48, 67, 94, 22, 31, 80, 46, 114, 161, 123, 140, 167, 105, 168, 117, 174, 48, 9, 63, 44, 99, 17, 86, 47, 34, 78, 84, 44, 89, 53, 115, 103, 23, 112, 30, 27, 32, -42, -33, -21, 56, -42, 1, -15, -17, 7, 87, 95], [[-69, 9, 19], [54, 12, 14], [82, 13, 28], [21, 20, 37], [17, 35, 53], [-63, 49, 57], [3, 43, 55], [-12, 27, 38]]]
[8, 3, 4, [1, 86, 52, 39, 12, 74, 86, 61, 87, 50, 77, 58, 56, 93, 75, 71, 86, 40, 48, 50, 31, 51, 48, 35, 32, 65, 21, 19, 5, 83, 35, 55, 68, 56, 66, 97, 94, 23, 96, 10, 2, 71, 35, 80, 61, 23, 43, 20, 83, 60, 70, 58, 55, 63, 55, 32, 88, 62, 19, 10], [1, 86, 52, 65, 38, 100, 112, 87, 113, 76, 172, 80, 78, 115, 97, 93, 39, -33, -25, -82, -101, -81, -84, -97, -100, -67, -111, -70, -84, -6, -54, -34, -21, -33, -23, 8, 5, 7, 80, -6, -14, 55, -4, 100, 81, 43, 20, -3, 147, 124, 103, 91, 111, 119, 111, 1, 57, 62, 19, 10], [[26, 3, 17], [69, 10, 16], [-73, 11, 37], [-59, 19, 43], [-23, 42, 52], [-31, 50, 57], [87, 48, 55], [43, 27, 46]]]
[8, 3, 4, [67, 37, 5, 1, 27, 36, 32, 88, 54, 23, 50, 11, 45, 11, 59, 52, 12, 61, 27, 31, 57, 95, 46, 70, 5, 51, 95, 8, 88, 83, 14, 56, 96, 69, 93, 33, 66, 98, 28, 95, 2, 28, 40, 92, 92, 25, 61, 5, 87, 35, 72, 82, 79, 52, 78, 42, 60, 71, 83, 16], [67, 37, 12, 33, 123, 132, 128, 184, 125, 94, 121, 75, 109, 75, 123, 45, -79, -30, -64, -60, -34, 4, -45, -21, -150, -104, -60, -147, -67, -72, -142, -100, -60, -87, -63, -123, -90, -58, -128, 10, -83, -57, -45, 7, 7, -60, -24, 4, 30, -22, 104, 114, 111, 85, 111, 131, 149, 71, 83, 16], [[7, 2, 11], [25, 3, 8], [64, 4, 24], [-71, 15, 39], [-1, 30, 53], [89, 50, 57], [-56, 48, 55], [-84, 16, 47]]]
[8, 3, 4, [65, 11, 23, 17, 1, 4, 63, 15, 44, 36, 44, 28, 59, 0, 67, 57, 52, 92, 75, 98, 70, 56, 46, 90, 59, 4, 63, 8, 51, 58, 72, 7, 73, 21, 4, 71, 36, 8, 25, 42, 77, 80, 97, 71, 33, 41, 64, 93, 3, 32, 66, 23, 84, 85, 15, 2, 74, 94, 57, 62], [65, 11, 23, -73, -89, -86, -108, -156, -127, -135, -127, -143, -112, -171, -104, -109, -33, 7, -10, 13, -15, -29, -39, 5, 64, 9, 38, -17, -42, -35, -21, -91, -25, -77, -94, -27, -106, -104, -19, -2, 33, 36, 53, 27, -11, 68, 91, 202, 112, 141, 175, 176, 166, 167, 15, 2, 74, 94, 57, 62], [[-90, 3, 24], [-81, 6, 16], [5, 15, 31], [-30, 26, 37], [-44, 36, 51], [82, 47, 54], [71, 45, 52], [-68, 28, 38]]]
[8, 3, 4, [17, 4, 51, 49, 41, 76, 11, 71, 40, 29, 50, 76, 47, 92, 66, 57, 90, 45, 14, 20, 12, 96, 31, 77, 12, 5, 55, 91, 69, 68, 41, 91, 87, 25, 17, 70, 19, 2, 33, 7, 59, 58, 40, 77, 95, 33, 82, 78, 95, 24, 59, 12, 78, 5, 53, 51, 68, 2, 36, 36], [20, 7, 87, 85, 13, 48, -17, 43, 12, 1, -11, 15, -14, 31, 5, -7, 26, -19, -50, -44, -52, 52, -35, 11, -54, -61, -11, 25, 67, 66, 39, 89, 95, 13, 5, 80, 29, 12, 43, 17, 1, 0, -18, 19, 42, -30, 19, 15, 100, 29, 64, 17, 78, 5, 53, 51, 68, 2, 36, 36], [[3, 0, 15], [33, 2, 10], [-64, 4, 28], [20, 21, 33], [10, 32, 45], [5, 44, 52], [-68, 40, 48], [-22, 22, 35]]]
[8, 3, 4, [24, 60, 73, 81, 66, 46, 98, 84, 14, 94, 26, 87, 71, 62, 19, 45, 0, 96, 16, 97, 71, 17, 46, 82, 48, 94, 70, 26, 53, 50, 93, 93, 81, 21, 59, 2, 2, 45, 4, 59, 48, 66, 33, 21, 43, 32, 35, 54, 77, 97, 16, 86, 43, 76, 55, 74, 76, 98, 1, 92], [24, 60, 30, 92, 77, 28, 26, 12, -58, 65, -3, 11, -5, -14, -57, -31, -76, 20, -79, 31, 5, -49, -20, 16, -18, 67, 43, -1, 26, 70, 113, 113, 120, 60, 98, 55, 55, 98, 57, 112, 101, 119, 86, 74, 96, 49, 13, 32, 55, 61, -20, 50, 43, 76, 55, 74, 76, 98, 1, 92], [[-43, 2, 9], [54, 3, 6], [-29, 5, 19], [-47, 11, 29], [39, 25, 46], [-36, 45, 52], [14, 35, 49], [-19, 18, 32]]]
[8, 3, 4, [1, 25, 37, 61, 74, 89, 82, 10, 24, 86, 68, 86, 62, 93, 61, 84, 55, 9, 91, 12, 87, 66, 14, 38, 35, 64, 59, 5, 48, 61, 37, 95, 10, 1, 46, 32, 27, 59, 54, 57, 40, 90, 70, 50, 85, 45, 48, 43, 24, 80, 22, 24, 91, 72, 4, 71, 6, 60, 58, 57], [1, 25, -9, 15, 28, 43, 36, -85, -71, -9, 6, 73, 95, 30, -2, 21, -8, -54, -55, -134, -59, -80, -132, -141, -144, -22, -27, -81, -38, 71, 47, 105, 20, 11, 56, 42, 37, 152, 197, 200, 183, 158, 138, 118, 153, 113, 116, 111, 92, 148, -3, -1, 66, -3, -71, -4, -69, -15, 58, 57], [[-46, 2, 12], [-49, 7, 11], [33, 10, 23], [-96, 13, 29], [93, 25, 50], [-75, 41, 58], [50, 38, 53], [-83, 18, 37]]]
[8, 3, 4, [63, 77, 46, 47, 51, 9, 56, 65, 42, 83, 89, 89, 87, 32, 47, 90, 65, 82, 83, 59, 63, 86, 35, 15, 34, 64, 86, 98, 89, 94, 93, 25, 19, 82, 65, 72, 94, 3, 82, 83, 23, 21, 47, 33, 48, 93, 37, 1, 74, 40, 29, 15, 28, 80, 15, 13, 97, 95, 51, 93], [63, 77, 46, 47, 51, 9, 138, 147, 102, 143, 149, 151, 149, 116, 131, 174, 149, 84, 85, 61, 13, 36, 71, 51, 70, 100, 122, 134, 123, 128, 127, 6, 0, 115, 98, 105, 127, 36, 115, 116, -30, -32, -6, -20, -5, -26, -82, -142, -69, -103, -61, -75, -62, -10, -75, -11, 97, 95, 51, 93], [[82, 6, 17], [-22, 8, 13], [2, 11, 28], [-52, 20, 33], [-53, 31, 50], [-24, 47, 56], [-66, 45, 55], [86, 22, 40]]]
